{
  "advancedEditorSelectedIdentifier" : "ProjectBrowser",
  "openSceneRelativePaths" : [
    "Immersive.usda"
  ],
  "recentIdentifiers" : {

  },
  "sceneCameraHistory" : {
    "1D572CEB-057A-41C3-B575-04C37501A3C0" : [
      {
        "date" : 769893133.94336,
        "title" : "Untitled",
        "transform" : [
          0.99867314,
          1.459538e-11,
          -0.051497553,
          0,
          -0.0025873403,
          0.998737,
          -0.05017525,
          0,
          0.051432524,
          0.050241966,
          0.99741185,
          0,
          -0.054008126,
          1.3608236,
          -0.07009697,
          1
        ]
      },
      {
        "date" : 769893127.999458,
        "title" : "Untitled",
        "transform" : [
          0.9940859,
          -9.08031e-10,
          -0.10859656,
          0,
          -0.04969019,
          0.8891753,
          -0.45486078,
          0,
          0.09656138,
          0.4575669,
          0.8839166,
          0,
          -0.16551772,
          1.5486413,
          0.06982434,
          1
        ]
      },
      {
        "date" : 769893123.377494,
        "title" : "Untitled",
        "transform" : [
          1,
          0,
          0,
          0,
          0,
          0.7071069,
          -0.70710677,
          0,
          0,
          0.70710677,
          0.7071069,
          0,
          -0.44273162,
          1.6814802,
          -0.97490907,
          1
        ]
      }
    ]
  },
  "sceneViewportBackgroundColors" : {

  }
}