{
  "advancedEditorSelectedIdentifier" : "ProjectBrowser",
  "openSceneRelativePaths" : [
    "Scene.usda"
  ],
  "recentIdentifiers" : {

  },
  "sceneCameraHistory" : {
    "57F9F6DA-E074-4F55-B6B4-A61022AB32C2" : [
      {
        "date" : 769893380.376372,
        "title" : "Untitled",
        "transform" : [
          0.9992935,
          1.8735687e-08,
          -0.037583068,
          0,
          -0.019357111,
          0.85716116,
          -0.51468444,
          0,
          0.03221474,
          0.51504827,
          0.8565556,
          0,
          0.008481831,
          0.11788887,
          0.20662643,
          1
        ]
      },
      {
        "date" : 769893363.270474,
        "title" : "Untitled",
        "transform" : [
          0.9992935,
          1.885811e-08,
          -0.037583064,
          0,
          -0.019357063,
          0.85716116,
          -0.51468444,
          0,
          0.032214716,
          0.5150484,
          0.85655546,
          0,
          0.012334138,
          0.19719794,
          0.32795176,
          1
        ]
      },
      {
        "date" : 769893352.543288,
        "title" : "Untitled",
        "transform" : [
          0.99616325,
          1.8761543e-08,
          0.087514214,
          0,
          0.021333965,
          0.9698314,
          -0.24284148,
          0,
          -0.08487405,
          0.24377681,
          0.96611035,
          0,
          -0.21950977,
          0.63048005,
          2.4986515,
          1
        ]
      }
    ]
  },
  "sceneViewportBackgroundColors" : {

  }
}